#con 10 Km de E.T.:
69.6	138.6	8  0  1  4		0 Ma
66.0	149.0	8  0  1  4	0.25 Ma
63.2	159.9	8  0  1  4		0.5 Ma
60.8	170.8	8  0  1  4		0.75
58.8	181.3	8  0  1  4		1
57.2	191.4	8  0  1  4		1.25
55.6	201.0	8  0  1  4		1.5
54.0	210.0	8  0  1  4		1.75
52.8	218.6	8  0  1  4		2
50.8	234.2	8  0  1  4		2.5
49.2	248.2	8  0  1  4		3
47.6	260.6	8  0  1  4		3.5
46.4	272.0	8  0  1  4			4
45.2	282.3	8  0  1  4		4.5
44.4	291.7	8  0  1  4		5
43.6	300.4	8  0  1  4		5.5
42.8	308.5	8  0  1  4		6
42.0	316.1	8  0  1  4		6.5
41.2	323.2	8  0  1  4		7
40.8	329.9	8  0  1  4		7.5
40.0	336.3	8  0  1  4		8
38.8	348.0	8  0  1  4		9
38.0	360	8  0  1  4		10
37.0	372.1	8  0  1  4		11
36.4	381.6	8  0  1  4	12
35.6	390.1	8  0  1  4		13
35.0	398.3	8  0  1  4		14
34.4	405.9	8  0  1  4		15
33.2	423.5	8  0  1  4		17.5
32.2	439.1	8  0  1  4		20
31.2	453.1	8  0  1  4		22.5
30.4	466.0	8  0  1  4		25
29.8	477.9	8  0  1  4		27.5
29.2	488.9	8  0  1  4		30
